0.00000 467.089
0.01000 469.822
0.02000 468.067
0.03000 467.156
0.04000 470.533
0.05000 472.289
0.06000 472.378
0.07000 475.000
0.08000 471.244
0.09000 469.733
0.10000 471.156
0.11000 468.667
0.12000 474.733
0.13000 472.467
0.14000 471.822
0.15000 468.111
0.16000 470.689
0.17000 470.889
0.18000 469.422
0.19000 467.511
0.20000 473.867
0.21000 467.178
0.22000 474.711
0.23000 469.822
0.24000 468.422
0.25000 470.311
0.26000 469.667
0.27000 467.889
0.28000 465.267
0.29000 471.533
0.30000 468.133
0.31000 468.044
0.32000 472.956
0.33000 465.200
0.34000 468.511
0.35000 461.044
0.36000 467.889
0.37000 467.444
0.38000 468.689
0.39000 465.422
0.40000 470.422
0.41000 471.533
0.42000 468.289
0.43000 474.111
0.44000 468.111
0.45000 465.822
0.46000 467.444
0.47000 471.444
0.48000 468.444
0.49000 466.244
0.50000 464.600
0.51000 468.356
0.52000 473.622
0.53000 469.156
0.54000 470.600
0.55000 470.200
0.56000 468.756
0.57000 469.844
0.58000 470.889
0.59000 474.156
0.60000 468.111
0.61000 469.222
0.62000 468.778
0.63000 473.356
0.64000 470.356
0.65000 470.200
0.66000 474.933
0.67000 471.133
0.68000 473.267
0.69000 474.044
0.70000 477.200
0.71000 473.378
0.72000 472.733
0.73000 477.822
0.74000 478.111
0.75000 475.867
0.76000 480.244
0.77000 478.756
0.78000 480.933
0.79000 479.956
0.80000 480.178
0.81000 484.667
0.82000 482.556
0.83000 487.933
0.84000 485.711
0.85000 487.844
0.86000 494.156
0.87000 500.778
0.88000 501.778
0.89000 507.622
0.90000 509.644
0.91000 515.711
0.92000 525.956
0.93000 531.489
0.94000 544.978
0.95000 549.222
0.96000 557.267
0.97000 570.667
0.98000 579.600
0.99000 593.022
1.00000 597.022
1.01000 609.111
1.02000 618.956
1.03000 626.822
1.04000 642.444
1.05000 649.556
1.06000 649.444
1.07000 655.733
1.08000 659.289
1.09000 663.333
1.10000 671.356
1.11000 678.178
1.12000 681.778
1.13000 689.133
1.14000 699.844
1.15000 708.311
1.16000 723.244
1.17000 743.689
1.18000 773.667
1.19000 817.600
1.20000 870.844
1.21000 944.889
1.22000 1047.022
1.23000 1179.311
1.24000 1356.044
1.25000 1585.622
1.26000 1878.756
1.27000 2241.178
1.28000 2671.111
1.29000 3195.956
1.30000 3797.978
1.31000 4462.822
1.32000 5202.111
1.33000 6025.711
1.34000 6889.911
1.35000 7765.467
1.36000 8655.822
1.37000 9491.200
1.38000 10234.200
1.39000 10853.444
1.40000 11351.378
1.41000 11682.556
1.42000 11822.355
1.43000 11728.134
1.44000 11419.267
1.45000 11001.089
1.46000 10485.178
1.47000 9814.267
1.48000 9114.578
1.49000 8365.578
1.50000 7669.978
1.51000 6978.511
1.52000 6332.933
1.53000 5758.022
1.54000 5234.844
1.55000 4779.733
1.56000 4380.689
1.57000 4031.089
1.58000 3713.756
1.59000 3360.333
1.60000 2979.267
1.61000 2590.622
1.62000 2165.422
1.63000 1765.778
1.64000 1411.311
1.65000 1122.422
1.66000 914.111
1.67000 776.289
1.68000 684.489
1.69000 627.911
1.70000 600.178
1.71000 577.511
1.72000 565.733
1.73000 551.400
1.74000 542.311
1.75000 528.822
1.76000 526.133
1.77000 517.711
1.78000 507.178
1.79000 498.778
1.80000 494.089
1.81000 488.044
1.82000 483.644
1.83000 478.800
1.84000 474.844
1.85000 472.778
1.86000 474.956
1.87000 471.311
1.88000 498.133
1.89000 520.911
1.90000 494.956
1.91000 471.289
1.92000 475.044
1.93000 472.978
1.94000 470.956
1.95000 468.022
1.96000 466.622
1.97000 463.511
1.98000 468.311
1.99000 468.444
2.00000 465.822
2.01000 465.222
2.02000 467.089
2.03000 465.222
2.04000 469.133
2.05000 465.378
2.06000 465.178
2.07000 472.911
2.08000 473.800
2.09000 470.644
2.10000 473.511
2.11000 465.111
2.12000 469.578
2.13000 467.800
2.14000 467.444
2.15000 468.400
2.16000 464.267
2.17000 466.022
2.18000 464.889
2.19000 468.822
2.20000 464.533
2.21000 458.489
2.22000 465.644
2.23000 466.533
2.24000 469.133
2.25000 462.111
2.26000 463.067
2.27000 463.911
2.28000 463.844
2.29000 462.867
2.30000 463.111
2.31000 462.467
2.32000 462.400
2.33000 466.422
2.34000 461.356
2.35000 462.711
2.36000 466.044
2.37000 465.378
2.38000 467.067
2.39000 459.756
2.40000 460.578
2.41000 465.511
2.42000 463.867
2.43000 464.644
2.44000 461.311
2.45000 463.889
2.46000 463.956
2.47000 464.311
2.48000 465.356
2.49000 466.044
2.50000 467.489
2.51000 460.911
2.52000 463.000
2.53000 466.089
2.54000 466.733
2.55000 466.733
2.56000 462.000
2.57000 458.000
2.58000 460.800
2.59000 463.200
2.60000 465.378
2.61000 463.444
2.62000 464.156
2.63000 466.022
2.64000 466.733
2.65000 466.600
2.66000 459.422
2.67000 461.178
2.68000 463.778
2.69000 465.711
2.70000 461.200
2.71000 466.778
2.72000 466.400
2.73000 465.111
2.74000 462.444
2.75000 466.711
2.76000 463.400
2.77000 465.044
2.78000 460.911
2.79000 462.156
2.80000 461.667
2.81000 462.689
2.82000 455.289
2.83000 468.467
2.84000 464.756
2.85000 464.956
2.86000 463.667
2.87000 464.889
2.88000 458.533
2.89000 463.733
2.90000 465.022
2.91000 465.889
2.92000 465.000
2.93000 462.356
2.94000 463.111
2.95000 465.578
2.96000 460.956
2.97000 462.778
2.98000 460.822
2.99000 464.422
3.00000 474.756
3.01000 474.044
3.02000 465.022
3.03000 463.089
3.04000 464.200
3.05000 467.289
3.06000 462.356
3.07000 463.022
3.08000 462.467
3.09000 464.311
3.10000 464.000
3.11000 462.600
3.12000 464.844
3.13000 461.622
3.14000 465.867
3.15000 467.844
3.16000 465.644
3.17000 458.911
3.18000 467.133
3.19000 464.067
3.20000 467.267
3.21000 465.022
3.22000 461.356
3.23000 462.511
3.24000 466.667
3.25000 459.111
3.26000 468.889
3.27000 468.444
3.28000 470.311
3.29000 470.578
3.30000 461.200
3.31000 463.556
3.32000 460.022
3.33000 466.111
3.34000 465.578
3.35000 467.733
3.36000 468.022
3.37000 474.533
3.38000 475.422
3.39000 467.178
3.40000 470.111
3.41000 468.778
3.42000 464.978
3.43000 468.711
3.44000 465.622
3.45000 462.422
3.46000 461.400
3.47000 463.244
3.48000 461.422
3.49000 463.689
3.50000 465.200
3.51000 463.689
3.52000 460.578
3.53000 463.244
3.54000 463.978
3.55000 467.800
3.56000 465.867
3.57000 464.644
3.58000 465.689
3.59000 467.800
3.60000 467.844
3.61000 464.578
3.62000 462.800
3.63000 465.978
3.64000 471.244
3.65000 470.044
3.66000 471.222
3.67000 472.467
3.68000 469.289
3.69000 465.133
3.70000 468.822
3.71000 473.622
3.72000 469.067
3.73000 465.800
3.74000 469.867
3.75000 467.467
3.76000 464.133
3.77000 467.489
3.78000 460.956
3.79000 459.000
3.80000 459.933
3.81000 468.444
3.82000 464.511